{
  "image_size": [
    1920,
    1080
  ],
  "pattern": {
    "rows": 6,
    "cols": 8,
    "square_size_m": 0.025
  },
  "summary": {
    "rms": 0.2627488234712106,
    "mean_view_rms": 0.26009258031845095,
    "horizontal_fov_deg": 59.31010334880708,
    "vertical_fov_deg": 35.23571642913876
  },
  "camera_matrix": [
    [
      1686.131335955568,
      0.0,
      931.3992599466218
    ],
    [
      0.0,
      1700.4565850109784,
      531.7735319076295
    ],
    [
      0.0,
      0.0,
      1.0
    ]
  ],
  "distortion_coefficients": [
    -0.20745542713678286,
    -0.5048438997964544,
    0.007818111226175092,
    0.0054155839128833035,
    0.5492360009533452
  ],
  "unity_projection_matrix": [
    [
      1.75638680828705,
      0.0,
      0.029792437555602347,
      0.0
    ],
    [
      0.0,
      3.1489936759462562,
      -0.015234200171056478,
      0.0
    ],
    [
      0.0,
      0.0,
      -1.0002000200020003,
      -0.20002000200020004
    ],
    [
      0.0,
      0.0,
      -1.0,
      0.0
    ]
  ],
  "used_images": [
    {
      "index": 0,
      "path": "inputs\\Screenshot_20250917_162731.png",
      "rotation_vector": [
        -0.18011953854771626,
        -0.42587412623729193,
        -1.5762613472459213
      ],
      "translation_vector_m": [
        -0.570041472960203,
        0.28769253265438066,
        0.910321483110791
      ],
      "extrinsic_opencv": [
        [
          -0.05893947193718632,
          0.9875550037281685,
          -0.14581239062309675,
          -0.570041472960203
        ],
        [
          -0.9266170056432271,
          0.00021476054287473956,
          0.3760064876178185,
          0.28769253265438066
        ],
        [
          0.37135840302939843,
          0.15727386461000484,
          0.9150726025895914,
          0.910321483110791
        ],
        [
          0.0,
          0.0,
          0.0,
          1.0
        ]
      ],
      "extrinsic_unity": [
        [
          -0.05893947193718632,
          -0.9875550037281685,
          0.14581239062309675,
          -0.570041472960203
        ],
        [
          0.9266170056432271,
          0.00021476054287473956,
          0.3760064876178185,
          -0.28769253265438066
        ],
        [
          -0.37135840302939843,
          0.15727386461000484,
          0.9150726025895914,
          -0.910321483110791
        ],
        [
          0.0,
          0.0,
          0.0,
          1.0
        ]
      ],
      "projection_matrix_3x4": [
        [
          246.50325119857732,
          1811.6321988724862,
          606.4391038491774,
          -113.292034669565
        ],
        [
          -1378.1934194466605,
          83.99926943975649,
          1125.994097707542,
          973.2935318558443
        ],
        [
          0.37135840302939843,
          0.15727386461000484,
          0.9150726025895914,
          0.910321483110791
        ]
      ]
    },
    {
      "index": 1,
      "path": "inputs\\Screenshot_20250917_162736.png",
      "rotation_vector": [
        -0.37841393816216934,
        0.23722932408689273,
        1.5153895655160312
      ],
      "translation_vector_m": [
        -0.19775501576144536,
        0.1199887863117656,
        1.0773063560475737
      ],
      "extrinsic_opencv": [
        [
          0.048852880097049765,
          -0.9954607007381439,
          -0.08167857364172709,
          -0.19775501576144536
        ],
        [
          0.9228752260529863,
          0.013712963078552123,
          0.38485487106343835,
          0.1199887863117656
        ],
        [
          -0.3819878443666405,
          -0.09418040098412211,
          0.9193559369616302,
          1.0773063560475737
        ],
        [
          0.0,
          0.0,
          0.0,
          1.0
        ]
      ],
      "extrinsic_unity": [
        [
          0.048852880097049765,
          0.9954607007381439,
          0.08167857364172709,
          -0.19775501576144536
        ],
        [
          -0.9228752260529863,
          0.013712963078552123,
          0.38485487106343835,
          -0.1199887863117656
        ],
        [
          0.3819878443666405,
          -0.09418040098412211,
          0.9193559369616302,
          -1.0773063560475737
        ],
        [
          0.0,
          0.0,
          0.0,
          1.0
        ]
      ],
      "projection_matrix_3x4": [
        [
          -273.4108235683786,
          -1766.1970370049596,
          718.5666368201249,
          669.9614138407418
        ],
        [
          1366.1782301406656,
          -26.764346100867026,
          1143.318153451709,
          776.9187277132735
        ],
        [
          -0.3819878443666405,
          -0.09418040098412211,
          0.9193559369616302,
          1.0773063560475737
        ]
      ]
    },
    {
      "index": 2,
      "path": "inputs\\Screenshot_20250917_162742.png",
      "rotation_vector": [
        -0.10631456839522437,
        0.40231102803418073,
        1.4951496546800032
      ],
      "translation_vector_m": [
        0.09845628098481263,
        0.12642267376055058,
        1.115868785836611
      ],
      "extrinsic_opencv": [
        [
          0.023423546791088882,
          -0.980637354268178,
          0.194426636214367,
          0.09845628098481263
        ],
        [
          0.9457904864261047,
          0.08475224742289149,
          0.31352418143205696,
          0.12642267376055058
        ],
        [
          -0.3239316181566691,
          0.17654301450546578,
          0.9294626785340684,
          1.115868785836611
        ],
        [
          0.0,
          0.0,
          0.0,
          1.0
        ]
      ],
      "extrinsic_unity": [
        [
          0.023423546791088882,
          0.980637354268178,
          -0.194426636214367,
          0.09845628098481263
        ],
        [
          -0.9457904864261047,
          0.08475224742289149,
          0.31352418143205696,
          -0.12642267376055058
        ],
        [
          0.3239316181566691,
          0.17654301450546578,
          0.9294626785340684,
          -1.115868785836611
        ],
        [
          0.0,
          0.0,
          0.0,
          1.0
        ]
      ],
      "projection_matrix_3x4": [
        [
          -262.2144931807568,
          -1489.051339181,
          1193.529694800114,
          1205.3295819158936
        ],
        [
          1436.0174000002808,
          237.99841958192695,
          1027.3979102167052,
          808.3657534806357
        ],
        [
          -0.3239316181566691,
          0.17654301450546578,
          0.9294626785340684,
          1.115868785836611
        ]
      ]
    },
    {
      "index": 3,
      "path": "inputs\\Screenshot_20250917_162748.png",
      "rotation_vector": [
        0.032071313590954095,
        0.42002588997859386,
        1.525299912697911
      ],
      "translation_vector_m": [
        0.44354566705468873,
        0.13913133493347782,
        1.0836490252706257
      ],
      "extrinsic_opencv": [
        [
          -0.011187994761600248,
          -0.9584083985349104,
          0.28518094324649845,
          0.44354566705468873
        ],
        [
          0.9692926991373817,
          0.05967025534295963,
          0.23856052487005325,
          0.13913133493347782
        ],
        [
          -0.24565523029682004,
          0.2790928201245137,
          0.9283106729876385,
          1.0836490252706257
        ],
        [
          0.0,
          0.0,
          0.0,
          1.0
        ]
      ],
      "extrinsic_unity": [
        [
          -0.011187994761600248,
          0.9584083985349104,
          -0.28518094324649845,
          0.44354566705468873
        ],
        [
          -0.9692926991373817,
          0.05967025534295963,
          0.23856052487005325,
          -0.13913133493347782
        ],
        [
          0.24565523029682004,
          0.2790928201245137,
          0.9283106729876385,
          -1.0836490252706257
        ],
        [
          0.0,
          0.0,
          0.0,
          1.0
        ]
      ],
      "projection_matrix_3x4": [
        [
          -247.66752825451604,
          -1356.0555872923173,
          1345.4803986465242,
          1757.1861483271646
        ],
        [
          1517.6072036047037,
          249.8808533148956,
          899.3128607211423,
          812.842664185421
        ],
        [
          -0.24565523029682004,
          0.2790928201245137,
          0.9283106729876385,
          1.0836490252706257
        ]
      ]
    },
    {
      "index": 4,
      "path": "inputs\\Screenshot_20250917_162758.png",
      "rotation_vector": [
        -0.08485007050163723,
        0.3097005995818034,
        1.5285088983008481
      ],
      "translation_vector_m": [
        0.6573312784983117,
        0.16411307430488728,
        1.0884297316765326
      ],
      "extrinsic_opencv": [
        [
          0.011846190913146017,
          -0.9892742511144982,
          0.14558888639830378,
          0.6573312784983117
        ],
        [
          0.9679221858840844,
          0.04788847764444982,
          0.24664414808033291,
          0.16411307430488728
        ],
        [
          -0.2509707350155102,
          0.13799691949730597,
          0.9581077916263018,
          1.0884297316765326
        ],
        [
          0.0,
          0.0,
          0.0,
          1.0
        ]
      ],
      "extrinsic_unity": [
        [
          0.011846190913146017,
          0.9892742511144982,
          -0.14558888639830378,
          0.6573312784983117
        ],
        [
          -0.9679221858840844,
          0.04788847764444982,
          0.24664414808033291,
          -0.16411307430488728
        ],
        [
          0.2509707350155102,
          0.13799691949730597,
          0.9581077916263018,
          -1.0884297316765326
        ],
        [
          0.0,
          0.0,
          0.0,
          1.0
        ]
      ],
      "projection_matrix_3x4": [
        [
          -213.77972315133832,
          -1539.5160859634284,
          1137.8628715928849,
          2122.1095133671624
        ],
        [
          1512.45006060016,
          154.81538643011095,
          928.9040300589626,
          857.8652805350448
        ],
        [
          -0.2509707350155102,
          0.13799691949730597,
          0.9581077916263018,
          1.0884297316765326
        ]
      ]
    },
    {
      "index": 5,
      "path": "inputs\\Screenshot_20250917_162824.png",
      "rotation_vector": [
        -0.15323404378107747,
        0.3256649072621762,
        1.5807893358578209
      ],
      "translation_vector_m": [
        0.6095462754155236,
        -0.027805882632741898,
        1.0394226394431842
      ],
      "extrinsic_opencv": [
        [
          -0.041042811238358304,
          -0.9937496601484764,
          0.10381281520332707,
          0.6095462754155236
        ],
        [
          0.95386324615747,
          -0.008041768661978178,
          0.3001336995185995,
          -0.027805882632741898
        ],
        [
          -0.2974229232516993,
          0.11134155967820315,
          0.9482313334903245,
          1.0394226394431842
        ],
        [
          0.0,
          0.0,
          0.0,
          1.0
        ]
      ],
      "extrinsic_unity": [
        [
          -0.041042811238358304,
          0.9937496601484764,
          -0.10381281520332707,
          0.6095462754155236
        ],
        [
          -0.95386324615747,
          -0.008041768661978178,
          0.3001336995185995,
          0.027805882632741898
        ],
        [
          0.2974229232516993,
          0.11134155967820315,
          0.9482313334903245,
          -1.0394226394431842
        ],
        [
          0.0,
          0.0,
          0.0,
          1.0
        ]
      ],
      "projection_matrix_3x4": [
        [
          -346.2230607524989,
          -1571.888995785961,
          1058.2240030591809,
          1995.8925528422635
        ],
        [
          1463.8413997605699,
          45.53381596178648,
          1014.60865100574,
          505.45475189656423
        ],
        [
          -0.2974229232516993,
          0.11134155967820315,
          0.9482313334903245,
          1.0394226394431842
        ]
      ]
    },
    {
      "index": 6,
      "path": "inputs\\Screenshot_20250917_162828.png",
      "rotation_vector": [
        -0.012092288403498073,
        0.3843959451164196,
        1.5190190510870019
      ],
      "translation_vector_m": [
        0.2982258304254934,
        -0.03401328129778954,
        0.9563892502874112
      ],
      "extrinsic_opencv": [
        [
          0.003907862207533531,
          -0.9712913386151413,
          0.23786101854691077,
          0.2982258304254934
        ],
        [
          0.9675196691982456,
          0.06379643112181832,
          0.24461337880548684,
          -0.03401328129778954
        ],
        [
          -0.25276554022944747,
          0.2291792986011738,
          0.9399927822941992,
          0.9563892502874112
        ],
        [
          0.0,
          0.0,
          0.0,
          1.0
        ]
      ],
      "extrinsic_unity": [
        [
          0.003907862207533531,
          0.9712913386151413,
          -0.23786101854691077,
          0.2982258304254934
        ],
        [
          -0.9675196691982456,
          0.06379643112181832,
          0.24461337880548684,
          0.03401328129778954
        ],
        [
          0.25276554022944747,
          0.2291792986011738,
          0.9399927822941992,
          -0.9563892502874112
        ],
        [
          0.0,
          0.0,
          0.0,
          1.0
        ]
      ],
      "projection_matrix_3x4": [
        [
          -228.83646818499665,
          -1424.2673332690008,
          1276.573498758238,
          1393.628157810395
        ],
        [
          1510.8111685434471,
          230.35454645855472,
          915.8177125798408,
          450.7443813431695
        ],
        [
          -0.25276554022944747,
          0.2291792986011738,
          0.9399927822941992,
          0.9563892502874112
        ]
      ]
    },
    {
      "index": 7,
      "path": "inputs\\Screenshot_20250917_162831.png",
      "rotation_vector": [
        -0.19031040532215068,
        0.3189161653329793,
        1.4854527874189785
      ],
      "translation_vector_m": [
        0.06747100637310383,
        -0.006282133405978942,
        1.077551653253206
      ],
      "extrinsic_opencv": [
        [
          0.054447592848122506,
          -0.9942400380159451,
          0.0923157973431258,
          0.06747100637310383
        ],
        [
          0.9445159703421162,
          0.08127440462414277,
          0.3182515560396863,
          -0.006282133405978942
        ],
        [
          -0.323921350641997,
          0.0698657137589183,
          0.9435007899515617,
          1.077551653253206
        ],
        [
          0.0,
          0.0,
          0.0,
          1.0
        ]
      ],
      "extrinsic_unity": [
        [
          0.054447592848122506,
          0.9942400380159451,
          -0.0923157973431258,
          0.06747100637310383
        ],
        [
          -0.9445159703421162,
          0.08127440462414277,
          0.3182515560396863,
          0.006282133405978942
        ],
        [
          0.323921350641997,
          0.0698657137589183,
          0.9435007899515617,
          -1.077551653253206
        ],
        [
          0.0,
          0.0,
          0.0,
          1.0
        ]
      ],
      "projection_matrix_3x4": [
        [
          -209.89431380029657,
          -1611.346409469641,
          1034.432496223906,
          1117.395790508443
        ],
        [
          1433.855600725101,
          175.35633390079775,
          1042.9017015878555,
          562.3309533452483
        ],
        [
          -0.323921350641997,
          0.0698657137589183,
          0.9435007899515617,
          1.077551653253206
        ]
      ]
    },
    {
      "index": 8,
      "path": "inputs\\Screenshot_20250917_162834.png",
      "rotation_vector": [
        -0.34592612216373136,
        0.17555240480406367,
        1.4966341478001415
      ],
      "translation_vector_m": [
        -0.32433339069838957,
        0.0032701679390333017,
        1.1190196643309729
      ],
      "extrinsic_opencv": [
        [
          0.07352686513893036,
          -0.9924937698656257,
          -0.09772367615250678,
          -0.32433339069838957
        ],
        [
          0.9429388238658677,
          0.03727704137455511,
          0.3308727801328084,
          0.0032701679390333017
        ],
        [
          -0.3247463233807207,
          -0.11647548653806167,
          0.9386017720452194,
          1.1190196643309729
        ],
        [
          0.0,
          0.0,
          0.0,
          1.0
        ]
      ],
      "extrinsic_unity": [
        [
          0.07352686513893036,
          0.9924937698656257,
          0.09772367615250678,
          -0.32433339069838957
        ],
        [
          -0.9429388238658677,
          0.03727704137455511,
          0.3308727801328084,
          -0.0032701679390333017
        ],
        [
          0.3247463233807207,
          -0.11647548653806167,
          0.9386017720452194,
          -1.1190196643309729
        ],
        [
          0.0,
          0.0,
          0.0,
          1.0
        ]
      ],
      "projection_matrix_3x4": [
        [
          -178.49253392186003,
          -1781.9600280745788,
          709.4380432419896,
          495.38539387031045
        ],
        [
          1430.7350329470387,
          1.4494096180843283,
          1061.7583771529698,
          600.6258177813924
        ],
        [
          -0.3247463233807207,
          -0.11647548653806167,
          0.9386017720452194,
          1.1190196643309729
        ]
      ]
    },
    {
      "index": 9,
      "path": "inputs\\Screenshot_20250917_162837.png",
      "rotation_vector": [
        -0.3285607748100431,
        0.25014863426243283,
        1.509762021566849
      ],
      "translation_vector_m": [
        -0.5105303028141792,
        -0.004315986196029556,
        1.1437462007074484
      ],
      "extrinsic_opencv": [
        [
          0.04939611763035002,
          -0.9979153704417246,
          -0.04153236086720813,
          -0.5105303028141792
        ],
        [
          0.9311940314266051,
          0.030977172213981358,
          0.363205300948502,
          -0.004315986196029556
        ],
        [
          -0.36116159734738573,
          -0.05661561832021905,
          0.930782988866741,
          1.1437462007074484
        ],
        [
          0.0,
          0.0,
          0.0,
          1.0
        ]
      ],
      "extrinsic_unity": [
        [
          0.04939611763035002,
          0.9979153704417246,
          0.04153236086720813,
          -0.5105303028141792
        ],
        [
          -0.9311940314266051,
          0.030977172213981358,
          0.363205300948502,
          0.004315986196029556
        ],
        [
          0.36116159734738573,
          -0.05661561832021905,
          0.930782988866741,
          -1.1437462007074484
        ],
        [
          0.0,
          0.0,
          0.0,
          1.0
        ]
      ],
      "projection_matrix_3x4": [
        [
          -253.0973026794144,
          -1735.348121738373,
          796.9015718869729,
          204.46322337580511
        ],
        [
          1391.39884445147,
          22.568649161006533,
          1112.5806031379811,
          600.8748096082774
        ],
        [
          -0.36116159734738573,
          -0.05661561832021905,
          0.930782988866741,
          1.1437462007074484
        ]
      ]
    },
    {
      "index": 10,
      "path": "inputs\\Screenshot_20250917_162900.png",
      "rotation_vector": [
        -0.4428172765126988,
        -0.1865970714520929,
        1.41837549628517
      ],
      "translation_vector_m": [
        -0.49590171161833124,
        -0.33975919321570947,
        1.0768782674184896
      ],
      "extrinsic_opencv": [
        [
          0.1542043517414452,
          -0.9104362387019076,
          -0.38383182927204423,
          -0.49590171161833124
        ],
        [
          0.9787314506763267,
          0.08755730728120419,
          0.1855221426101959,
          -0.33975919321570947
        ],
        [
          -0.13529880029406655,
          -0.4042766048140652,
          0.904574298462541,
          1.0768782674184896
        ],
        [
          0.0,
          0.0,
          0.0,
          1.0
        ]
      ],
      "extrinsic_unity": [
        [
          0.1542043517414452,
          0.9104362387019076,
          0.38383182927204423,
          -0.49590171161833124
        ],
        [
          -0.9787314506763267,
          0.08755730728120419,
          0.1855221426101959,
          0.33975919321570947
        ],
        [
          0.13529880029406655,
          -0.4042766048140652,
          0.904574298462541,
          -1.0768782674184896
        ],
        [
          0.0,
          0.0,
          0.0,
          1.0
        ]
      ],
      "projection_matrix_3x4": [
        [
          133.99158714640595,
          -1911.658002002363,
          195.32895708200388,
          166.84820581251188
        ],
        [
          1592.3420193646666,
          -66.09619827744707,
          796.501018633145,
          -5.090397721971603
        ],
        [
          -0.13529880029406655,
          -0.4042766048140652,
          0.904574298462541,
          1.0768782674184896
        ]
      ]
    },
    {
      "index": 11,
      "path": "inputs\\Screenshot_20250917_162903.png",
      "rotation_vector": [
        0.2190372574779455,
        -0.42547697962445274,
        -1.5775332777852475
      ],
      "translation_vector_m": [
        -0.3071515473981326,
        -0.11737215152235084,
        0.976283963507982
      ],
      "extrinsic_opencv": [
        [
          -0.05862080996989004,
          0.91709424636197,
          -0.39433709428386815,
          -0.3071515473981326
        ],
        [
          -0.9910056539088601,
          -0.005859788184358131,
          0.1336916482174827,
          -0.11737215152235084
        ],
        [
          0.12029710952116318,
          0.39862740268602304,
          0.9091890888416163,
          0.976283963507982
        ],
        [
          0.0,
          0.0,
          0.0,
          1.0
        ]
      ],
      "extrinsic_unity": [
        [
          -0.05862080996989004,
          -0.91709424636197,
          0.39433709428386815,
          -0.3071515473981326
        ],
        [
          0.9910056539088601,
          -0.005859788184358131,
          0.1336916482174827,
          0.11737215152235084
        ],
        [
          -0.12029710952116318,
          0.39862740268602304,
          0.9091890888416163,
          -0.976283963507982
        ],
        [
          0.0,
          0.0,
          0.0,
          1.0
        ]
      ],
      "projection_matrix_3x4": [
        [
          13.202254152400931,
          1917.622614671679,
          181.91391289692947,
          391.41231215385585
        ],
        [
          -1621.1912711640841,
          202.01518643665003,
          710.8195365175756,
          319.575723466331
        ],
        [
          0.12029710952116318,
          0.39862740268602304,
          0.9091890888416163,
          0.976283963507982
        ]
      ]
    },
    {
      "index": 12,
      "path": "inputs\\Screenshot_20250917_162909.png",
      "rotation_vector": [
        -0.2296580744986719,
        0.2288685106815393,
        1.4553406207633908
      ],
      "translation_vector_m": [
        0.08293480736824857,
        -0.33365684147114066,
        1.2365438433318594
      ],
      "extrinsic_opencv": [
        [
          0.10152579154273299,
          -0.9947250466673688,
          0.014649067691237916,
          0.08293480736824857
        ],
        [
          0.9512075234906981,
          0.10137592034789189,
          0.2914226656049781,
          -0.33365684147114066
        ],
        [
          -0.2913704873632787,
          -0.015652613399008558,
          0.9564822187513299,
          1.2365438433318594
        ],
        [
          0.0,
          0.0,
          0.0,
          1.0
        ]
      ],
      "extrinsic_unity": [
        [
          0.10152579154273299,
          0.9947250466673688,
          -0.014649067691237916,
          0.08293480736824857
        ],
        [
          -0.9512075234906981,
          0.10137592034789189,
          0.2914226656049781,
          0.33365684147114066
        ],
        [
          0.2913704873632787,
          -0.015652613399008558,
          0.9564822187513299,
          -1.2365438433318594
        ],
        [
          0.0,
          0.0,
          0.0,
          1.0
        ]
      ],
      "projection_matrix_3x4": [
        [
          -100.19643777254943,
          -1691.8159043817825,
          915.567082773822,
          1291.5549981158879
        ],
        [
          1462.5439838729246,
          164.06170580634574,
          1004.183518421678,
          90.19231371365208
        ],
        [
          -0.2913704873632787,
          -0.015652613399008558,
          0.9564822187513299,
          1.2365438433318594
        ]
      ]
    },
    {
      "index": 13,
      "path": "inputs\\Screenshot_20250917_162926.png",
      "rotation_vector": [
        -0.03604585414447526,
        0.2433141702643163,
        -1.5641876409536208
      ],
      "translation_vector_m": [
        0.5001896720995161,
        -0.1041253298477762,
        1.0434867546138107
      ],
      "extrinsic_opencv": [
        [
          -0.012087571675051529,
          0.984239946295047,
          0.17642454117305742,
          0.5001896720995161
        ],
        [
          -0.9913244546318941,
          0.011298333035656326,
          -0.13095103405240135,
          -0.1041253298477762
        ],
        [
          -0.1308805419448524,
          -0.17647684207209383,
          0.9755645585774851,
          1.0434867546138107
        ],
        [
          0.0,
          0.0,
          0.0,
          1.0
        ]
      ],
      "extrinsic_unity": [
        [
          -0.012087571675051529,
          -0.984239946295047,
          -0.17642454117305742,
          0.5001896720995161
        ],
        [
          0.9913244546318941,
          0.011298333035656326,
          -0.13095103405240135,
          0.1041253298477762
        ],
        [
          0.1308805419448524,
          -0.17647684207209383,
          0.9755645585774851,
          -1.0434867546138107
        ],
        [
          0.0,
          0.0,
          0.0,
          1.0
        ]
      ],
      "projection_matrix_3x4": [
        [
          -142.28327328576165,
          1495.1874154436389,
          1206.1150551926978,
          1815.28827105974
        ],
        [
          -1755.30300480922,
          -74.6333887984534,
          296.102862750254,
          377.83803419372475
        ],
        [
          -0.1308805419448524,
          -0.17647684207209383,
          0.9755645585774851,
          1.0434867546138107
        ]
      ]
    },
    {
      "index": 14,
      "path": "inputs\\Screenshot_20250917_162929.png",
      "rotation_vector": [
        0.007764725222461466,
        0.10811640870206735,
        -1.5585184422226694
      ],
      "translation_vector_m": [
        0.5286281005580127,
        -0.1305065881929185,
        1.0511987385713544
      ],
      "extrinsic_opencv": [
        [
          0.00853739200343647,
          0.9978950177804096,
          0.064285662684735,
          0.5286281005580127
        ],
        [
          -0.9972129694148786,
          0.013261337440222312,
          -0.07341955161983084,
          -0.1305065881929185
        ],
        [
          -0.07411751863453138,
          -0.0634796850837528,
          0.9952270710813323,
          1.0511987385713544
        ],
        [
          0.0,
          0.0,
          0.0,
          1.0
        ]
      ],
      "extrinsic_unity": [
        [
          0.00853739200343647,
          -0.9978950177804096,
          -0.064285662684735,
          0.5286281005580127
        ],
        [
          0.9972129694148786,
          0.013261337440222312,
          -0.07341955161983084,
          0.1305065881929185
        ],
        [
          0.07411751863453138,
          -0.0634796850837528,
          0.9952270710813323,
          -1.0511987385713544
        ],
        [
          0.0,
          0.0,
          0.0,
          1.0
        ]
      ],
      "projection_matrix_3x4": [
        [
          -54.63783782095176,
          1623.4571277648351,
          1035.347827789398,
          1870.422132579718
        ],
        [
          -1735.1310951603962,
          -11.206487765092632,
          404.3886546185107,
          337.07887866696973
        ],
        [
          -0.07411751863453138,
          -0.0634796850837528,
          0.9952270710813323,
          1.0511987385713544
        ]
      ]
    }
  ],
  "per_view_errors": [
    {
      "index": 0,
      "rms": 0.31135499477386475,
      "mean": 0.273603230714798,
      "max": 0.7549627423286438
    },
    {
      "index": 1,
      "rms": 0.2337856888771057,
      "mean": 0.20886246860027313,
      "max": 0.5483456254005432
    },
    {
      "index": 2,
      "rms": 0.2683943212032318,
      "mean": 0.2307940125465393,
      "max": 0.5823125243186951
    },
    {
      "index": 3,
      "rms": 0.1797718107700348,
      "mean": 0.15597198903560638,
      "max": 0.47273537516593933
    },
    {
      "index": 4,
      "rms": 0.28750279545783997,
      "mean": 0.23764126002788544,
      "max": 0.9223443269729614
    },
    {
      "index": 5,
      "rms": 0.274533212184906,
      "mean": 0.2418399602174759,
      "max": 0.6598539352416992
    },
    {
      "index": 6,
      "rms": 0.24461837112903595,
      "mean": 0.2181565761566162,
      "max": 0.5835747718811035
    },
    {
      "index": 7,
      "rms": 0.23111581802368164,
      "mean": 0.20512175559997559,
      "max": 0.4258573055267334
    },
    {
      "index": 8,
      "rms": 0.23992134630680084,
      "mean": 0.21553659439086914,
      "max": 0.47341111302375793
    },
    {
      "index": 9,
      "rms": 0.3455539047718048,
      "mean": 0.3006491959095001,
      "max": 0.7238720655441284
    },
    {
      "index": 10,
      "rms": 0.25587552785873413,
      "mean": 0.23680615425109863,
      "max": 0.41016191244125366
    },
    {
      "index": 11,
      "rms": 0.28471285104751587,
      "mean": 0.2590949237346649,
      "max": 0.5099663734436035
    },
    {
      "index": 12,
      "rms": 0.24590860307216644,
      "mean": 0.21390070021152496,
      "max": 0.6027554869651794
    },
    {
      "index": 13,
      "rms": 0.2586492598056793,
      "mean": 0.23281987011432648,
      "max": 0.6173064708709717
    },
    {
      "index": 14,
      "rms": 0.23969019949436188,
      "mean": 0.20631767809391022,
      "max": 0.5762187242507935
    }
  ]
}